0.25, -61.93729, 1.246917, -91.20102,0, 0, 0,Door_FL_1,-0.707089, 0.005015678, 0.005015758
0.5, -61.93729, 1.04903, -91.20102,0, 0, 0,Door_FL_1,-0.707089, 0.005015678, 0.005015758
0.75, -61.93729, 1.04903, -91.20102,0, 0, 0,Door_FL_1,-0.707089, 0.005015678, 0.005015758
1, -61.93729, 1.04903, -91.20102,0, 0, 0,Door_FL_1,-0.707089, 0.005015678, 0.005015758
1.25, -61.93729, 1.04903, -91.20102,0, 0, 0,Door_FL_1,-0.707089, 0.005015678, 0.005015758
1.5, -61.93729, 1.04903, -91.20102,0, 0, 0,Door_FL_1,-0.707089, 0.005015678, 0.005015758
1.75, -61.93729, 1.04903, -91.20102,0, 0, 0,Door_FL_1,-0.707089, 0.005015678, 0.005015758
2, -61.93729, 1.04903, -91.20102,0, 0, 0,Door_FL_1,-0.707089, 0.005015678, 0.005015758
2.25, -61.93729, 1.04903, -91.20102,0, 0, 0,Door_FL_1,-0.707089, 0.005015678, 0.005015758
2.5, -61.93729, 1.04903, -91.20102,0, 0, 0,Door_FL_1,-0.707089, 0.005015678, 0.005015758
2.75, -61.93729, 1.04903, -91.20102,0, 0, 0,fenceHalfEndMESH,0, 0.7071068, 0
3, -61.93729, 1.04903, -91.20102,0, 0, 0,fenceHalfEndMESH,0, 0.7071068, 0
3.25, -61.93729, 1.04903, -91.20102,0, 0, 0,fenceHalfEndMESH,0, 0.7071068, 0
3.5, -61.93729, 1.049031, -90.73465,0, 0, 0,fenceHalfEndMESH,0, 0.7071068, 0
3.75, -61.93729, 1.049031, -89.82521,0, 0, 0,fenceHalfEndMESH,0, 0.7071068, 0
4, -61.93729, 1.049031, -89.04037,0, 0, 0,fenceHalfEndMESH,0, 0.7071068, 0
4.25, -61.93729, 1.049032, -87.84521,0, 0, 0,Terrain,0, 0, 0
4.5, -61.93729, 1.049032, -87.04557,0, 0, 0,Terrain,0, 0, 0
4.75, -61.93729, 1.049032, -86.04372,0, 11.90181, 0,FS_SwingGateHalfRight,0, 0.9659258, 0
5, -61.87537, 0.9611737, -85.05007,0, 24.55911, 0,FS_SwingGateHalfLeft,0, 0.7071068, 0
5.25, -61.54529, 0.7365079, -83.97759,0, 27.26235, 0,FS_SwingGateHalfLeft,0, 0.7071068, 0
5.5, -61.08173, 0.7365079, -83.01797,0, 26.5169, 0,FS_SwingGateHalfLeft,0, 0.7071068, 0
5.75, -60.69515, 0.7365079, -82.24293,0, 26.5169, 0,FS_SwingGateHalfLeft,0, 0.7071068, 0
6, -60.21973, 0.7365079, -81.29004,0, 26.5169, 0,FS_SwingGateHalfLeft,0, 0.7071068, 0
6.25, -59.77217, 0.7365079, -80.39304,0, 26.5169, 0,Door_BR_3,-0.7071068, 0, 0
6.5, -59.35632, 0.7365079, -79.55958,0, 26.5169, 0,Shipment,-0.7071068, 0, 0
6.75, -58.85047, 0.7365079, -78.54575,0, 26.5169, 0,Shipment,-0.7071068, 0, 0
7, -58.46405, 0.7365078, -77.77129,0, 26.5169, 0,Shipment,-0.7071068, 0, 0
7.25, -57.98607, 0.7365078, -76.8133,0, 26.5169, 0,Shipment,-0.7071068, 0, 0
7.5, -57.53972, 0.7365078, -75.91874,0, 26.5169, 0,Shipment,-0.7071068, 0, 0
7.75, -56.81462, 0.7365079, -74.46547,0, 26.5169, 0,Shipment,-0.7071068, 0, 0
8, -55.93467, 0.7365079, -72.74019,0, 39.63197, 0,Shipment,-0.7071068, 0, 0
8.25, -54.91727, 0.7365079, -71.35472,0, 51.49576, 0,Shipment,-0.7071068, 0, 0
8.5, -53.34258, 0.7299076, -69.95177,0, 40.43753, 0,Shipment,-0.7071068, 0, 0
8.75, -51.87146, 0.7363271, -68.4173,0, 37.24833, 0,Shipment,-0.7071068, 0, 0
9, -50.67764, 0.7365078, -66.81781,0, 19.24881, 0,Shipment,-0.7071068, 0, 0
9.25, -49.87487, 0.7365078, -65.00478,0, 8.965345, 0,Shipment,-0.7071068, 0, 0
9.5, -49.7322, 0.7365078, -63.46724,0, 356.8928, 0,Shipment,-0.7071068, 0, 0
9.75, -49.78183, 0.7365078, -61.21723,0, 356.8928, 0,Door_BR_3,-0.7071068, 0, 0
10, -49.88821, 0.7365078, -59.08923,0, 1.528755, 0,Door_BR_3,-0.7071068, 0, 0
10.25, -49.8498, 0.7365078, -57.10552,0, 57.87355, 0,Door_BR_4,-0.7071068, 0, 0
10.5, -48.69551, 0.7365078, -55.70377,0, 66.36429, 0,Truck,-5.484515E-11, 3.871928E-12, 2.546563E-11
10.75, -46.97106, 0.7365078, -54.80611,0, 68.74239, 0,Truck,-5.484515E-11, 3.871928E-12, 2.546563E-11
11, -45.36126, 0.7365078, -54.20285,0, 82.60268, 0,Shipment,-0.7071068, 0, 0
11.25, -43.26885, 0.7365078, -53.84721,0, 118.7092, 0,Container_gray,7.199073E-10, -4.081546E-11, -1.405806E-09
11.5, -41.27306, 0.7365078, -54.31948,0, 119.9158, 0,Container_gray,7.199073E-10, -4.081546E-11, -1.405806E-09
11.75, -39.62965, 0.7365078, -55.17168,0, 145.5327, 0,Container_gray,7.199073E-10, -4.081546E-11, -1.405806E-09
12, -38.32875, 0.7365078, -56.44191,0, 160.2686, 0,Door_FL_1,-0.7071068, 0, 0
12.25, -37.45223, 0.8576623, -58.19856,0, 166.545, 0,Door_FR_2,-0.7071068, 0, 0
12.5, -37.28511, 0.7365078, -60.09805,0, 178.7365, 0,Shipment,-0.7071068, 0, 0
12.75, -37.27872, 0.7365078, -62.20733,0, 172.5828, 0,Terrain,0, 0, 0
13, -37.09327, 0.7365078, -64.17796,0, 131.6684, 0,Door_FL_1,-0.7071068, 0, 0
13.25, -35.97774, 0.7365079, -65.6216,0, 98.64814, 0,Shipment,-0.7071068, 0, 0
13.5, -34.02312, 0.7365078, -66.07531,0, 78.77525, 0,Shipment,-0.7071068, 0, 0
13.75, -32.09268, 0.7365078, -65.73959,0, 59.95453, 0,Shipment,-0.7071068, 0, 0
14, -30.31603, 0.7365079, -64.87734,0, 62.39605, 0,Shipment,-0.7071068, 0, 0
14.25, -28.51621, 0.7365078, -64.02325,0, 81.88504, 0,Shipment,-0.7071068, 0, 0
14.5, -26.57434, 0.7365078, -63.6167,0, 96.94382, 0,Shipment,-0.7071068, 0, 0
14.75, -24.60944, 0.7365078, -63.77669,0, 109.6337, 0,Shipment,-0.7071068, 0, 0
15, -22.71327, 0.7365078, -64.3718,0, 125.497, 0,Shipment,-0.7071068, 0, 0
15.25, -20.98778, 0.9604218, -65.34523,0, 95.35842, 0,Shipment,-0.7071068, 0, 0
15.5, -19.10459, 0.7365078, -65.72755,0, 79.49247, 0,Shipment,-0.7071068, 0, 0
15.75, -17.16629, 0.7365078, -65.42325,0, 45.45367, 0,Shipment,-0.7071068, 0, 0
16, -16.37961, 0.7365078, -64.22646,0, 30.77301, 0,Shipment,-0.7071068, 0, 0
16.25, -16.3782, 0.7365078, -62.68907,0, 26.11633, 0,Shipment,-0.7071068, 0, 0
16.5, -16.37432, 0.7365078, -60.90204,0, 353.5507, 0, , , , 
16.75, -16.45424, 0.7365078, -58.8226,0, 25.16884, 0,Terrain,0, 0, 0
17, -15.81984, 0.7365078, -56.99215,0, 46.91037, 0,Terrain,0, 0, 0
17.25, -14.49656, 0.7365078, -55.56611,0, 84.88603, 0,Terrain,0, 0, 0
17.5, -12.72271, 0.7365078, -55.30492,0, 118.0658, 0,Terrain,0, 0, 0
17.75, -11.02269, 0.7365078, -56.16217,0, 149.7823, 0,Terrain,0, 0, 0
18, -9.847537, 0.7365078, -57.71754,0, 156.6412, 0,Terrain,0, 0, 0
18.25, -9.268593, 0.7365078, -59.14603,0, 222.3213, 0,Shipment,-0.7071068, 0, 0
18.5, -10.161, 0.7365078, -61.10024,0, 198.1625, 0,Shipment,-0.7071068, 0, 0
18.75, -10.76237, 0.7365078, -62.77821,0, 157.8681, 0,Terrain,0, 0, 0
19, -10.23655, 0.7365078, -64.61477,0, 167.112, 0,Terrain,0, 0, 0
19.25, -9.755613, 0.7365078, -66.54153,0, 170.0367, 0,Terrain,0, 0, 0
19.5, -9.392155, 0.7365078, -68.50366,0, 173.1721, 0,Door_FL_1,-0.6172104, 0.345038, 0.3450381
19.75, -9.18992, 0.7365078, -70.4954,0, 180.7907, 0,Door_FR_2,-0.7071068, 0, 0
20, -9.184846, 0.7365078, -72.48786,0, 180.7907, 0,Door_FR_2,-0.7071068, 0, 0
20.25, -9.262164, 0.7365078, -74.44431,0, 180.7907, 0,Door_FR_2,-0.7071068, 0, 0
20.5, -9.634389, 0.7365078, -76.14634,0, 180.7907, 0,Door_FR_2,-0.7071068, 0, 0
20.75, -9.720328, 0.7365078, -78.10349,0, 180.7907, 0,Door_FR_2,-0.7071068, 0, 0
21, -10.1462, 0.7365078, -79.76525,0, 180.0484, 0,Door_FR_2,-0.7071068, 0, 0
21.25, -10.58215, 0.7365078, -81.40439,0, 178.5734, 0,Door_FR_2,-0.7071068, 0, 0
21.5, -10.57595, 0.7354667, -83.3424,0, 138.5433, 0,Shipment,-0.7071068, 0, 0
21.75, -9.731435, 0.878765, -84.92353,0, 119.1368, 0,Shipment,-0.7071068, 0, 0
22, -9.690522, 0.8787646, -86.23882,0, 166.8811, 0,Shipment,-0.7071068, 0, 0
22.25, -9.689941, 0.8787639, -88.07665,0, 166.8811, 0,Door_BR_4,-0.7071068, 0, 0
22.5, -9.750065, 0.8787633, -89.82792,0, 189.0486, 0,WC,-0.01749294, -0.0001237166, 0.9998231
22.75, -9.992254, 0.8787633, -89.89362,0, 188.5543, 0,WC,-0.01749294, -0.0001237166, 0.9998231
23, -10.03609, 0.8787633, -89.89933,0, 186.3364, 0,WC,-0.01749294, -0.0001237166, 0.9998231
23.25, -10.04149, 0.8787633, -89.89976,0, 185.595, 0,WC,-0.01749294, -0.0001237166, 0.9998231
